4
212 -812 2 188
-678 -628 96 1
-255 796 3 91
675 389 5 213
2
-264 967 90 172
-27 -949 71 176
2
244 637 11 273
630 -212 98 269
5
590 -34 7 36
213 449 26 209
629 -766 76 165
-126 -615 26 127
-953 -535 74 65
2
425 201 34 126
926 -811 79 113
3
511 -117 66 92
-500 915 66 251
206 78 64 262
4
-51 25 47 195
-207 371 19 210
-862 283 9 82
-264 28 91 7
3
488 -507 2 239
-28 11 23 130
194 -870 48 35
4
-33 -924 60 38
-590 269 19 126
948 185 24 288
-129 455 8 217
2
-900 314 0 105
900 329 78 212
5
688 566 49 169
869 12 49 85
730 901 46 116
-191 -279 71 206
-12 -8 12 51
4
-620 -569 39 102
-177 366 70 260
-857 -350 84 145
-667 -773 88 156
4
149 558 41 179
914 328 91 288
-270 -104 85 138
-381 -149 100 177
4
964 946 89 290
432 -915 54 253
-807 -930 90 53
-987 -456 91 141
3
285 926 15 19
150 -756 43 247
354 -196 35 53
3
-400 -498 53 279
-378 562 68 183
-846 -391 53 235
4
-634 -557 91 50
12 873 16 46
552 738 41 116
-314 -690 72 257
2
491 647 52 68
-62 339 21 230
3
861 -418 69 72
911 -6 82 176
-477 637 54 146
2
121 -21 23 252
312 -544 74 28
5
708 -257 5 59
159 661 2 229
-738 -704 74 61
-128 -814 33 77
-119 -684 84 271
5
999 932 71 281
410 302 15 26
-87 249 60 110
777 -319 45 245
-549 -981 15 91
5
340 -961 10 134
-286 -546 59 296
-623 -416 70 296
-604 -354 93 273
-898 -554 35 100
4
-264 214 38 33
-414 987 1 166
-508 806 37 242
356 691 3 59
2
847 -11 94 271
-257 943 61 14
3
412 -177 53 33
600 -293 90 99
581 -806 70 209
4
-907 897 14 269
-908 567 75 104
-707 399 93 260
-654 43 83 299
5
-876 -633 100 113
-302 -293 7 130
56 770 36 131
343 247 41 63
-625 738 40 1
2
-714 -945 30 237
-540 -903 88 61
5
87 -260 37 253
416 753 1 152
4 -785 52 160
-376 -457 77 295
-49 -423 98 256
2
-166 999 92 20
-124 -903 74 290
5
154 197 26 9
-405 -431 16 182
-970 -849 91 134
-90 -369 69 25
-526 -220 67 280
5
-582 720 11 146
434 -43 11 202
261 39 95 76
556 -447 34 162
21 -243 7 174
2
-107 663 13 94
697 -89 94 264
4
-8 -25 95 46
-271 644 93 236
-378 621 3 110
337 -188 97 270
3
211 810 72 15
-625 976 25 127
431 671 46 235
3
-507 343 19 235
-537 -249 9 29
-84 35 51 144
5
797 137 79 18
581 769 92 45
-131 -145 22 133
-423 862 38 8
435 833 93 268
4
-547 -953 97 128
-970 968 13 129
-801 786 99 278
-105 -591 89 42
4
847 -690 31 222
-410 -422 44 204
-643 954 68 141
-468 -74 83 234
2
-419 -132 31 143
-954 602 100 105
5
821 54 86 26
712 -543 21 3
-4 500 69 27
330 -514 53 164
-755 -46 95 258
2
-77 658 30 299
-550 -597 61 295
2
-283 -12 73 72
-36 -204 99 4
4
-158 343 48 97
890 -944 49 218
750 625 91 110
482 -447 46 100
4
-406 -96 93 281
983 126 54 276
-119 -906 81 223
336 -163 28 37
2
-576 419 94 230
-711 -785 14 219
3
-552 -122 98 161
489 768 31 222
-557 658 13 234
2
-612 -285 58 102
-460 344 82 119
4
982 11 29 175
-802 990 9 35
849 -832 53 266
-874 -658 15 11
2
-127 758 70 154
-436 211 39 197
5
79 644 86 230
257 228 80 143
49 -232 73 211
-588 483 89 200
81 20 31 102
3
277 807 17 235
-465 461 45 165
633 -874 48 82
5
-124 413 71 161
-552 -98 32 106
550 -695 95 80
501 -51 19 274
704 463 7 6
3
-829 -137 66 257
-119 -234 3 154
-789 -413 67 41
2
996 -398 92 62
-712 12 56 30
4
-93 528 70 298
29 905 21 167
-338 748 32 80
612 54 63 281
3
322 -618 50 48
-382 118 74 137
-958 937 41 7
4
-251 702 20 5
273 -251 35 108
436 -382 95 7
-730 -954 99 15
4
-666 737 23 8
773 -665 1 145
-799 846 15 20
746 -466 89 127
5
933 534 37 64
-203 -175 64 294
-475 -364 77 94
476 402 9 14
-25 -864 55 39
4
-454 -961 52 28
-242 332 13 169
-263 -240 35 19
311 -128 80 272
3
-164 453 64 237
-351 -776 62 110
314 73 64 11
5
49 29 41 282
548 -38 46 151
-304 840 81 4
55 -11 93 283
-90 544 16 220
3
546 383 94 178
468 -142 37 250
687 -336 48 187
4
173 895 45 222
766 991 100 221
551 399 53 179
92 -37 5 290
2
502 -746 12 64
-395 -717 23 50
4
-186 533 27 158
450 124 58 210
-14 -527 37 135
-757 -170 39 55
3
40 -885 92 54
463 -259 66 133
-892 857 52 49
4
-264 -599 73 251
-707 -100 45 164
127 0 40 40
689 569 28 34
4
-476 -179 38 105
-195 -463 86 114
-318 331 73 109
893 616 37 275
4
413 -138 14 34
169 -3 45 43
-491 -374 64 166
220 936 66 299
5
60 850 13 132
-581 -414 16 173
-951 -648 2 189
-684 -391 39 70
-529 -264 77 262
3
738 -704 1 2
338 269 86 105
-69 611 68 160
5
185 706 68 27
-822 285 8 9
-950 -125 12 10
667 -701 26 5
-1000 -204 36 112
4
-745 796 65 131
196 -883 6 59
-282 -437 7 113
-970 -203 65 273
5
-676 -25 3 11
-760 40 76 149
-246 -516 1 210
-256 215 57 201
-533 141 21 105
4
702 867 67 188
972 -530 53 270
-324 -2 47 195
817 -175 95 100
4
233 -342 60 193
335 411 93 129
-571 255 12 280
957 -30 15 159
5
-471 -798 41 82
-956 -185 34 208
-460 732 98 219
-412 -279 86 224
-877 -629 46 160
5
159 -484 64 44
-688 198 73 184
633 120 44 24
91 913 84 18
696 234 83 247
4
989 491 24 238
202 -469 10 180
506 -671 73 4
-503 -249 36 113
2
697 -767 17 136
582 717 5 246
3
-647 -462 0 279
-863 -190 62 3
-48 -276 92 240
3
318 -238 19 152
554 -61 72 35
-294 723 32 232
3
734 -861 36 153
-23 607 98 147
799 -991 99 227
4
-747 873 66 14
66 701 30 33
-581 507 65 12
-593 -238 49 39
4
5 135 73 157
71 576 13 290
812 -311 67 244
854 173 54 226
3
283 875 32 155
302 685 12 132
-609 -183 100 256
5
270 394 75 238
-998 99 27 197
-799 -55 100 5
183 -262 79 253
586 418 82 216
4
439 -876 4 99
-99 -173 54 70
681 708 16 220
-602 142 30 17
4
584 -181 99 133
725 -918 47 95
-680 -969 89 73
-250 -875 21 78
2
-959 -367 5 185
825 -44 32 222
3
-299 -291 27 145
-544 -153 9 296
38 693 50 231
4
-15 -756 47 166
-608 -893 32 199
-860 -853 86 30
-127 -345 24 159
3
-228 375 94 141
285 79 64 144
659 237 39 192
2
-471 242 100 211
726 -611 90 110
3
-774 -185 32 269
378 24 55 87
888 -388 83 83
5
-660 -451 86 43
-344 126 24 214
386 -601 48 162
664 -611 80 62
149 26 93 28
2
-175 85 78 198
686 -534 97 155
0
