100
1
186
6
84 43 11 23 82 61
12
78 117 57 131 200 183 176 122 81 20 42 54
8
187 181 189 83 30 58 109 127
7
23 196 149 27 97 192 81
15
135 56 198 146 104 83 96 139 20 2 18 127 162 177 172
10
157 50 162 185 22 70 90 129 177 120
7
115 71 157 52 35 160 198
2
63 197
6
65 101 50 8 60 44
8
154 42 39 182 30 50 166 42
7
126 97 62 174 123 38 26
4
19 40 183 129
10
109 174 98 88 129 86 119 72 55 169
13
70 169 141 100 66 117 91 90 98 174 45 67 183
11
30 45 198 88 153 51 98 163 182 131 71
1
58
15
73 65 69 188 137 88 4 16 149 17 184 70 1 147 24
9
111 144 89 112 117 173 3 97 120
7
77 98 181 80 160 131 187
8
59 30 39 189 18 200 160 11
96
195 164 78 102 117 139 35 182 14 20 200 48 138 48 41 82 139 197 35 132 110 72 148 139 2 114 75 55 195 118 131 9 112 41 141 102 168 103 101 120 98 132 176 194 193 45 172 114 138 89 157 101 172 93 12 117 162 148 156 54 120 118 77 107 179 118 11 46 147 92 158 65 75 181 38 51 183 50 18 173 158 180 66 157 108 137 86 167 187 89 131 19 185 68 134 65
6
66 76 147 20 109 51
6
139 30 196 86 101 82
13
69 99 128 41 4 100 21 30 169 54 42 101 121
6
83 117 124 14 34 83
8
4 16 49 137 73 188 90 25
7
6 46 17 41 183 33 8
9
100 162 189 88 147 106 162 71 187
14
15 113 170 55 189 95 19 11 146 133 160 118 143 181
6
121 91 110 198 114 161
13
157 28 171 123 15 199 163 182 20 89 126 77 93
91
9 92 63 46 20 196 163 181 190 46 126 170 80 63 15 65 109 17 154 21 107 175 92 130 2 164 53 31 182 62 166 144 131 194 171 121 52 153 50 15 128 120 28 193 136 7 178 115 52 111 105 163 69 95 128 161 192 178 150 104 95 119 33 17 82 11 182 179 64 7 170 22 161 125 2 53 134 95 47 158 183 92 60 149 53 35 49 190 49 32 46
13
18 195 68 176 89 60 175 179 175 84 5 62 137
14
194 155 10 1 65 115 29 67 101 130 17 117 109 28
7
58 95 184 177 6 150 38
6
51 15 89 132 113 93
13
147 132 186 113 35 73 145 45 21 101 4 174 91
11
65 189 110 147 138 38 115 129 108 125 178
2
118 14
15
38 29 176 12 86 68 105 188 87 191 144 72 91 123 155
8
140 126 116 84 107 143 106 88
13
119 191 60 136 21 125 32 114 111 69 119 58 82
9
41 45 114 153 9 170 59 168 191
9
56 189 78 2 133 14 65 120 133
11
5 131 34 186 89 173 174 144 8 143 188
5
33 110 172 92 200
13
22 21 12 106 36 4 136 109 128 46 112 70 121
12
195 99 67 67 31 9 141 4 20 44 110 50
6
166 84 182 18 99 182
6
162 140 83 43 91 171
1
7
2
37 113
13
177 41 79 14 27 12 47 89 52 110 116 127 20
3
29 166 136
2
139 175
15
122 149 198 131 166 102 82 67 67 15 49 168 13 129 53
13
11 79 157 117 3 82 128 112 34 199 83 77 186
14
76 8 170 98 188 50 69 177 162 178 79 28 96 62
2
79 39
7
168 27 102 81 128 91 148
14
186 112 5 22 152 97 148 80 185 196 60 59 16 16
15
196 43 158 175 45 188 178 196 186 68 184 15 155 15 92
1
158
8
186 11 128 142 106 29 117 196
15
78 43 114 199 13 21 166 144 43 69 10 123 64 6 6
7
83 81 197 107 64 114 58
5
68 198 169 141 93
5
103 12 7 41 125
9
108 18 100 57 159 61 191 166 168
0

1
107
14
160 115 115 20 50 144 124 50 110 183 36 141 192 24
11
198 193 114 179 112 161 21 164 185 176 139
12
134 123 76 59 47 51 133 170 59 156 5 17
14
132 8 162 4 94 191 111 95 120 47 32 150 66 59
11
182 11 28 21 10 136 44 61 127 70 51
10
42 87 2 52 117 131 37 22 190 133
4
42 133 6 69
1
20
9
65 47 139 31 147 185 97 61 45
15
173 159 37 105 169 124 151 21 68 176 80 190 96 104 127
1
56
10
52 36 133 13 49 89 143 173 19 103
11
21 173 108 81 144 86 109 101 174 71 11
15
23 39 165 82 129 9 139 137 142 159 127 85 10 91 7
7
95 26 2 79 3 20 128
10
27 17 188 57 72 168 171 39 71 17
2
38 166
12
68 112 66 114 44 48 118 78 2 169 134 134
1
93
5
35 171 27 11 70
13
172 111 101 110 139 77 185 69 78 68 136 166 17
7
37 94 39 44 27 23 155
7
58 178 166 25 174 163 186
4
129 194 151 28
6
2 127 35 17 120 28
10
182 154 116 1 9 97 20 35 97 113
15
122 178 118 117 24 132 157 13 4 82 70 52 89 33 193
8
139 102 15 56 120 157 162 117
